4 14 19 23 35 42 44 45 48 49 60 61 62 64 68 72 75 85 91 93 109 118 119 120 126
2 4 5 12 19 28 37 52 62 64 67 69 70 74 76 83 97 98 106 107 111 112 116 119 122
2 3 11 14 18 29 30 37 38 39 42 43 46 48 50 52 73 82 84 93 95 97 100 107 115
1 7 8 11 24 29 36 47 48 57 60 64 68 70 72 79 81 86 96 107 111 112 122 124 125
5 7 18 19 26 27 30 44 52 58 63 75 79 82 92 95 101 102 105 107 113 114 119 121 128
5 6 17 18 19 21 23 25 29 32 41 49 57 64 71 76 79 82 97 106 114 115 122 123 128
14 16 23 31 32 35 38 46 48 50 51 61 67 72 73 86 93 94 99 101 104 119 126 128 130
3 7 16 19 20 29 33 37 39 43 44 48 60 68 69 72 93 99 109 115 117 120 122 127 130
21 26 27 31 41 50 54 58 60 65 71 75 81 83 84 85 90 92 100 106 108 118 119 121 129
3 5 7 12 18 20 22 24 38 42 45 46 49 60 73 83 87 94 95 98 102 111 113 124 128
4 7 16 17 18 27 29 36 43 46 52 53 54 58 59 84 88 101 104 105 110 111 113 115 126
10 23 24 25 31 32 33 38 48 55 56 58 66 67 75 82 85 89 93 94 101 110 112 117 130
1 6 16 26 29 30 33 36 48 52 54 55 63 65 71 75 78 83 86 91 106 117 124 126 129
5 11 12 16 17 36 38 43 48 51 53 54 56 58 59 76 82 84 92 98 110 111 115 118 125
5 7 12 17 21 29 33 40 42 43 48 54 56 57 58 59 67 74 80 87 100 101 102 104 114
2 4 8 9 18 30 32 39 44 49 55 58 59 60 71 90 92 94 95 101 111 112 115 120 126
2 3 17 23 29 42 43 48 49 53 54 58 60 62 64 72 73 74 81 97 102 104 113 124 126
5 6 7 16 20 23 26 34 41 42 45 48 54 70 76 81 88 95 98 102 113 115 121 122 129
8 13 17 18 21 28 30 32 33 40 43 55 61 62 68 69 72 76 101 102 103 108 109 116 126
11 12 22 23 31 34 37 42 50 55 56 58 62 76 80 81 88 91 94 98 108 111 115 121 125
8 9 13 18 32 37 39 40 41 43 56 63 64 89 93 98 99 102 105 106 110 112 114 119 128
4 6 7 19 27 33 36 49 58 80 82 84 91 92 96 99 104 105 113 114 115 116 117 120 126
3 9 21 24 28 44 47 49 54 60 64 66 74 77 85 88 91 102 108 114 121 122 123 127 128
6 10 17 22 23 25 26 31 33 34 38 50 53 57 75 76 101 102 107 114 116 122 123 129 130
5 14 16 24 29 31 55 58 60 61 75 76 87 92 93 99 102 103 109 114 118 122 123 126 129
2 3 10 15 16 17 20 24 27 29 36 37 42 71 78 83 89 91 108 110 112 120 122 128 129
19 31 34 42 44 47 53 55 56 62 78 84 85 86 87 89 90 92 96 100 101 104 111 118 123
12 13 21 28 30 37 46 50 54 61 64 71 77 80 82 86 87 97 99 105 107 108 119 121 125
13 15 22 24 27 34 40 44 46 48 54 61 68 77 87 92 93 97 106 109 116 117 121 125 130
6 9 12 16 18 21 28 30 33 40 42 47 62 66 71 72 75 80 109 111 115 118 122 125 129
1 5 13 15 25 29 34 36 49 50 52 56 64 66 70 76 82 90 91 97 101 110 122 125 130
5 6 8 13 17 21 22 26 27 28 33 36 54 56 57 74 80 82 85 96 99 106 111 121 127
6 10 12 23 24 27 30 32 34 54 56 57 58 72 75 76 82 83 94 105 109 114 118 120 122
2 3 9 23 39 40 41 46 52 53 58 63 71 76 82 85 86 93 95 98 102 111 113 117 129
7 18 19 21 23 31 38 43 46 57 60 64 66 69 74 80 82 84 88 101 109 113 122 123 128
2 5 10 12 16 20 26 37 38 48 62 63 75 76 77 86 87 95 106 110 119 123 124 128 129
2 3 5 19 20 24 25 44 45 48 49 63 69 72 74 77 82 91 92 93 97 99 107 113 126
1 3 5 6 8 17 26 31 35 41 45 50 54 55 76 83 84 90 96 103 104 106 115 121 130
3 4 7 13 19 20 32 36 43 44 51 64 76 77 78 89 90 97 107 109 113 114 115 117 120
5 10 18 23 35 37 42 59 64 67 71 72 77 79 86 95 102 103 109 114 119 122 123 128 129
5 8 14 19 20 22 24 25 27 28 30 33 38 47 49 59 66 68 85 89 92 95 119 121 130
3 7 12 13 15 17 21 31 35 39 42 45 46 64 66 75 87 89 102 107 111 113 115 123 127
9 27 28 30 33 43 47 52 60 62 66 70 72 75 78 79 82 88 90 95 111 116 122 123 125
2 7 13 21 23 24 26 27 29 32 44 71 77 80 81 91 93 102 107 111 112 114 118 123 125